2019 365    0.98    -2.8    22.8
2020   1    0.98    -2.9    23.8
2020   2    0.98    -3.1    24.8
2020   3    0.98    -3.2    25.8
2020   4    0.98    -3.3    26.8
2020   5    0.98    -3.4    27.9
2020   6    0.98    -3.5    28.9
2020   7    0.98    -3.6    29.9
2020   8    0.98    -3.7    30.9
2020   9    0.98    -3.9    31.9
2020  10    0.98    -4.0    32.9
2020  11    0.98    -4.1    34.0
2020  12    0.98    -4.2    35.0
2020  13    0.98    -4.3    36.0
2020  14    0.98    -4.4    37.0
2020  15    0.98    -4.5    38.0
2020  16    0.98    -4.6    39.0
2020  17    0.98    -4.7    40.1
2020  18    0.98    -4.8    41.1
2020  19    0.98    -4.9    42.1
2020  20    0.98    -5.0    43.1
2020  21    0.98    -5.1    44.1
2020  22    0.98    -5.2    45.1
2020  23    0.98    -5.2    46.2
2020  24    0.98    -5.3    47.2
2020  25    0.98    -5.4    48.2
2020  26    0.98    -5.5    49.2
2020  27    0.98    -5.6    50.2
2020  28    0.98    -5.7    51.3
2020  29    0.98    -5.7    52.3
2020  30    0.98    -5.8    53.3
2020  31    0.98    -5.9    54.3
2020  32    0.99    -6.0    55.3
2020  33    0.99    -6.0    56.3
2020  34    0.99    -6.1    57.4
2020  35    0.99    -6.2    58.4
2020  36    0.99    -6.2    59.4
2020  37    0.99    -6.3    60.4
2020  38    0.99    -6.4    61.4
2020  39    0.99    -6.4    62.5
2020  40    0.99    -6.5    63.5
2020  41    0.99    -6.5    64.5
2020  42    0.99    -6.6    65.5
2020  43    0.99    -6.6    66.5
2020  44    0.99    -6.7    67.5
2020  45    0.99    -6.7    68.6
2020  46    0.99    -6.8    69.6
2020  47    0.99    -6.8    70.6
2020  48    0.99    -6.9    71.6
2020  49    0.99    -6.9    72.6
2020  50    0.99    -7.0    73.6
2020  51    0.99    -7.0    74.6
2020  52    0.99    -7.0    75.7
2020  53    0.99    -7.0    76.7
2020  54    0.99    -7.1    77.7
2020  55    0.99    -7.1    78.7
2020  56    0.99    -7.1    79.7
2020  57    0.99    -7.1    80.7
2020  58    0.99    -7.2    81.8
2020  59    0.99    -7.2    82.8
2020  60    0.99    -7.2    83.8
2020  61    0.99    -7.2    84.8
2020  62    0.99    -7.2    85.8
2020  63    0.99    -7.2    86.8
2020  64    0.99    -7.2    87.8
2020  65    0.99    -7.2    88.8
2020  66    0.99    -7.2    89.8
2020  67    0.99    -7.2    90.8
2020  68    0.99    -7.2    91.9
2020  69    0.99    -7.2    92.9
2020  70    0.99    -7.2    93.9
2020  71    0.99    -7.2    94.9
2020  72    0.99    -7.2    95.9
2020  73    0.99    -7.2    96.9
2020  74    0.99    -7.2    97.9
2020  75    0.99    -7.2    98.9
2020  76    0.99    -7.1    99.9
2020  77    0.99    -7.1   100.9
2020  78    1.00    -7.1   101.9
2020  79    1.00    -7.1   102.9
2020  80    1.00    -7.0   103.9
2020  81    1.00    -7.0   104.9
2020  82    1.00    -7.0   105.9
2020  83    1.00    -6.9   106.9
2020  84    1.00    -6.9   107.9
2020  85    1.00    -6.9   108.9
2020  86    1.00    -6.8   109.9
2020  87    1.00    -6.8   110.9
2020  88    1.00    -6.7   111.9
2020  89    1.00    -6.7   112.9
2020  90    1.00    -6.6   113.9
2020  91    1.00    -6.6   114.9
2020  92    1.00    -6.5   115.9
2020  93    1.00    -6.5   116.9
2020  94    1.00    -6.4   117.9
2020  95    1.00    -6.3   118.8
2020  96    1.00    -6.3   119.8
2020  97    1.00    -6.2   120.8
2020  98    1.00    -6.2   121.8
2020  99    1.00    -6.1   122.8
2020 100    1.00    -6.0   123.8
2020 101    1.00    -6.0   124.8
2020 102    1.00    -5.9   125.7
2020 103    1.00    -5.8   126.7
2020 104    1.00    -5.7   127.7
2020 105    1.00    -5.7   128.7
2020 106    1.00    -5.6   129.7
2020 107    1.00    -5.5   130.7
2020 108    1.00    -5.4   131.6
2020 109    1.00    -5.3   132.6
2020 110    1.00    -5.3   133.6
2020 111    1.00    -5.2   134.6
2020 112    1.00    -5.1   135.5
2020 113    1.01    -5.0   136.5
2020 114    1.01    -4.9   137.5
2020 115    1.01    -4.8   138.5
2020 116    1.01    -4.7   139.4
2020 117    1.01    -4.6   140.4
2020 118    1.01    -4.5   141.4
2020 119    1.01    -4.4   142.4
2020 120    1.01    -4.3   143.3
2020 121    1.01    -4.2   144.3
2020 122    1.01    -4.1   145.3
2020 123    1.01    -4.0   146.2
2020 124    1.01    -3.9   147.2
2020 125    1.01    -3.8   148.2
2020 126    1.01    -3.7   149.1
2020 127    1.01    -3.6   150.1
2020 128    1.01    -3.5   151.1
2020 129    1.01    -3.4   152.0
2020 130    1.01    -3.3   153.0
2020 131    1.01    -3.2   153.9
2020 132    1.01    -3.1   154.9
2020 133    1.01    -3.0   155.9
2020 134    1.01    -2.9   156.8
2020 135    1.01    -2.7   157.8
2020 136    1.01    -2.6   158.7
2020 137    1.01    -2.5   159.7
2020 138    1.01    -2.4   160.7
2020 139    1.01    -2.3   161.6
2020 140    1.01    -2.2   162.6
2020 141    1.01    -2.1   163.5
2020 142    1.01    -1.9   164.5
2020 143    1.01    -1.8   165.4
2020 144    1.01    -1.7   166.4
2020 145    1.01    -1.6   167.3
2020 146    1.01    -1.5   168.3
2020 147    1.01    -1.3   169.3
2020 148    1.01    -1.2   170.2
2020 149    1.01    -1.1   171.2
2020 150    1.01    -1.0   172.1
2020 151    1.01    -0.9   173.1
2020 152    1.01    -0.7   174.0
2020 153    1.01    -0.6   175.0
2020 154    1.01    -0.5   175.9
2020 155    1.01    -0.4   176.9
2020 156    1.01    -0.3   177.8
2020 157    1.01    -0.1   178.8
2020 158    1.01    -0.0   179.7
2020 159    1.01     0.1   180.7
2020 160    1.01     0.2   181.6
2020 161    1.01     0.3   182.6
2020 162    1.02     0.5   183.5
2020 163    1.02     0.6   184.5
2020 164    1.02     0.7   185.4
2020 165    1.02     0.8   186.4
2020 166    1.02     0.9   187.3
2020 167    1.02     1.1   188.3
2020 168    1.02     1.2   189.2
2020 169    1.02     1.3   190.1
2020 170    1.02     1.4   191.1
2020 171    1.02     1.5   192.0
2020 172    1.02     1.6   193.0
2020 173    1.02     1.8   193.9
2020 174    1.02     1.9   194.9
2020 175    1.02     2.0   195.8
2020 176    1.02     2.1   196.8
2020 177    1.02     2.2   197.7
2020 178    1.02     2.3   198.7
2020 179    1.02     2.5   199.6
2020 180    1.02     2.6   200.6
2020 181    1.02     2.7   201.5
2020 182    1.02     2.8   202.5
2020 183    1.02     2.9   203.4
2020 184    1.02     3.0   204.4
2020 185    1.02     3.1   205.3
2020 186    1.02     3.2   206.3
2020 187    1.02     3.3   207.2
2020 188    1.02     3.4   208.2
2020 189    1.02     3.5   209.1
2020 190    1.02     3.6   210.1
2020 191    1.02     3.8   211.0
2020 192    1.02     3.9   212.0
2020 193    1.02     4.0   212.9
2020 194    1.02     4.1   213.9
2020 195    1.02     4.2   214.8
2020 196    1.02     4.3   215.8
2020 197    1.02     4.4   216.7
2020 198    1.02     4.4   217.7
2020 199    1.02     4.5   218.6
2020 200    1.02     4.6   219.6
2020 201    1.02     4.7   220.5
2020 202    1.02     4.8   221.5
2020 203    1.02     4.9   222.4
2020 204    1.02     5.0   223.4
2020 205    1.02     5.1   224.3
2020 206    1.02     5.2   225.3
2020 207    1.02     5.2   226.3
2020 208    1.02     5.3   227.2
2020 209    1.02     5.4   228.2
2020 210    1.02     5.5   229.1
2020 211    1.02     5.6   230.1
2020 212    1.02     5.6   231.0
2020 213    1.01     5.7   232.0
2020 214    1.01     5.8   233.0
2020 215    1.01     5.9   233.9
2020 216    1.01     5.9   234.9
2020 217    1.01     6.0   235.8
2020 218    1.01     6.1   236.8
2020 219    1.01     6.1   237.8
2020 220    1.01     6.2   238.7
2020 221    1.01     6.3   239.7
2020 222    1.01     6.3   240.6
2020 223    1.01     6.4   241.6
2020 224    1.01     6.4   242.6
2020 225    1.01     6.5   243.5
2020 226    1.01     6.5   244.5
2020 227    1.01     6.6   245.5
2020 228    1.01     6.6   246.4
2020 229    1.01     6.7   247.4
2020 230    1.01     6.7   248.4
2020 231    1.01     6.8   249.3
2020 232    1.01     6.8   250.3
2020 233    1.01     6.9   251.3
2020 234    1.01     6.9   252.2
2020 235    1.01     6.9   253.2
2020 236    1.01     7.0   254.2
2020 237    1.01     7.0   255.1
2020 238    1.01     7.0   256.1
2020 239    1.01     7.1   257.1
2020 240    1.01     7.1   258.1
2020 241    1.01     7.1   259.0
2020 242    1.01     7.1   260.0
2020 243    1.01     7.2   261.0
2020 244    1.01     7.2   261.9
2020 245    1.01     7.2   262.9
2020 246    1.01     7.2   263.9
2020 247    1.01     7.2   264.9
2020 248    1.01     7.2   265.8
2020 249    1.01     7.2   266.8
2020 250    1.01     7.2   267.8
2020 251    1.01     7.2   268.8
2020 252    1.01     7.2   269.8
2020 253    1.01     7.2   270.7
2020 254    1.01     7.2   271.7
2020 255    1.01     7.2   272.7
2020 256    1.01     7.2   273.7
2020 257    1.01     7.2   274.7
2020 258    1.01     7.2   275.6
2020 259    1.01     7.2   276.6
2020 260    1.01     7.2   277.6
2020 261    1.01     7.2   278.6
2020 262    1.00     7.1   279.6
2020 263    1.00     7.1   280.6
2020 264    1.00     7.1   281.5
2020 265    1.00     7.1   282.5
2020 266    1.00     7.0   283.5
2020 267    1.00     7.0   284.5
2020 268    1.00     7.0   285.5
2020 269    1.00     6.9   286.5
2020 270    1.00     6.9   287.5
2020 271    1.00     6.9   288.4
2020 272    1.00     6.8   289.4
2020 273    1.00     6.8   290.4
2020 274    1.00     6.7   291.4
2020 275    1.00     6.7   292.4
2020 276    1.00     6.6   293.4
2020 277    1.00     6.6   294.4
2020 278    1.00     6.5   295.4
2020 279    1.00     6.5   296.3
2020 280    1.00     6.4   297.3
2020 281    1.00     6.4   298.3
2020 282    1.00     6.3   299.3
2020 283    1.00     6.3   300.3
2020 284    1.00     6.2   301.3
2020 285    1.00     6.1   302.3
2020 286    1.00     6.1   303.3
2020 287    1.00     6.0   304.3
2020 288    1.00     5.9   305.3
2020 289    1.00     5.8   306.3
2020 290    1.00     5.8   307.3
2020 291    1.00     5.7   308.3
2020 292    1.00     5.6   309.2
2020 293    1.00     5.5   310.2
2020 294    1.00     5.5   311.2
2020 295    1.00     5.4   312.2
2020 296    1.00     5.3   313.2
2020 297    0.99     5.2   314.2
2020 298    0.99     5.1   315.2
2020 299    0.99     5.0   316.2
2020 300    0.99     4.9   317.2
2020 301    0.99     4.8   318.2
2020 302    0.99     4.7   319.2
2020 303    0.99     4.6   320.2
2020 304    0.99     4.5   321.2
2020 305    0.99     4.4   322.2
2020 306    0.99     4.3   323.2
2020 307    0.99     4.2   324.2
2020 308    0.99     4.1   325.2
2020 309    0.99     4.0   326.2
2020 310    0.99     3.9   327.2
2020 311    0.99     3.8   328.2
2020 312    0.99     3.7   329.2
2020 313    0.99     3.6   330.2
2020 314    0.99     3.5   331.2
2020 315    0.99     3.4   332.2
2020 316    0.99     3.3   333.2
2020 317    0.99     3.2   334.2
2020 318    0.99     3.0   335.2
2020 319    0.99     2.9   336.2
2020 320    0.99     2.8   337.2
2020 321    0.99     2.7   338.2
2020 322    0.99     2.6   339.2
2020 323    0.99     2.5   340.2
2020 324    0.99     2.3   341.2
2020 325    0.99     2.2   342.2
2020 326    0.99     2.1   343.2
2020 327    0.99     2.0   344.2
2020 328    0.99     1.8   345.2
2020 329    0.99     1.7   346.2
2020 330    0.99     1.6   347.2
2020 331    0.99     1.5   348.2
2020 332    0.99     1.4   349.2
2020 333    0.99     1.2   350.2
2020 334    0.99     1.1   351.2
2020 335    0.99     1.0   352.2
2020 336    0.99     0.8   353.2
2020 337    0.99     0.7   354.3
2020 338    0.99     0.6   355.3
2020 339    0.99     0.5   356.3
2020 340    0.99     0.3   357.3
2020 341    0.99     0.2   358.3
2020 342    0.99     0.1   359.3
2020 343    0.98    -0.0     0.3
2020 344    0.98    -0.2     1.3
2020 345    0.98    -0.3     2.3
2020 346    0.98    -0.4     3.3
2020 347    0.98    -0.6     4.3
2020 348    0.98    -0.7     5.3
2020 349    0.98    -0.8     6.3
2020 350    0.98    -0.9     7.4
2020 351    0.98    -1.1     8.4
2020 352    0.98    -1.2     9.4
2020 353    0.98    -1.3    10.4
2020 354    0.98    -1.4    11.4
2020 355    0.98    -1.6    12.4
2020 356    0.98    -1.7    13.4
2020 357    0.98    -1.8    14.4
2020 358    0.98    -1.9    15.4
2020 359    0.98    -2.1    16.5
2020 360    0.98    -2.2    17.5
2020 361    0.98    -2.3    18.5
2020 362    0.98    -2.4    19.5
2020 363    0.98    -2.6    20.5
2020 364    0.98    -2.7    21.5
2020 365    0.98    -2.8    22.5
2020 366    0.98    -2.9    23.5
2021   1    0.98    -3.0    24.6
2021   2    0.98    -3.1    25.6
