2024	1	0.99985105		1.0	-1.0151
2024	2	0.99985105		1.0	-1.0151
2024	3	0.99985105		1.0	-1.0151
2024	4	0.99985105		1.0	-1.0151
2024	5	0.99985105		1.0	-1.0151
2024	6	0.99985105		1.0	-1.0151
2024	7	0.99985105		1.0	-1.0151
2024	8	0.99985105		1.0	-1.0151
2024	9	0.99985105		1.0	-1.0151
2024	10	0.99985105		1.0	-1.0151
2024	11	0.99985105		1.0	-1.0151
2024	12	0.99985105		1.0	-1.0151
2024	13	0.99985105		1.0	-1.0151
2024	14	0.99985105		1.0	-1.0151
2024	15	0.99985105		1.0	-1.0151
2024	16	0.99985105		1.0	-1.0151
2024	17	0.99985105		1.0	-1.0151
2024	18	0.99985105		1.0	-1.0151
2024	19	0.99985105		1.0	-1.0151
2024	20	0.99985105		1.0	-1.0151
2024	21	0.99985105		1.0	-1.0151
2024	22	0.99985105		1.0	-1.0151
2024	23	0.99985105		1.0	-1.0151
2024	24	0.99985105		1.0	-1.0151
2024	25	0.99985105		1.0	-1.0151
2024	26	0.99985105		1.0	-1.0151
2024	27	0.99985105		1.0	-1.0151
2024	28	0.99985105		1.0	-1.0151
2024	29	0.99985105		1.0	-1.0151
2024	30	0.99985105		1.0	-1.0151
2024	31	0.99985105		1.0	-1.0151
2024	32	0.99985105		1.0	-1.0151
2024	33	0.99985105		1.0	-1.0151
2024	34	0.99985105		1.0	-1.0151
2024	35	0.99985105		1.0	-1.0151
2024	36	0.99985105		1.0	-1.0151
2024	37	0.99985105		1.0	-1.0151
2024	38	0.99985105		1.0	-1.0151
2024	39	0.99985105		1.0	-1.0151
2024	40	0.99985105		1.0	-1.0151
2024	41	0.99985105		1.0	-1.0151
2024	42	0.99985105		1.0	-1.0151
2024	43	0.99985105		1.0	-1.0151
2024	44	0.99985105		1.0	-1.0151
2024	45	0.99985105		1.0	-1.0151
2024	46	0.99985105		1.0	-1.0151
2024	47	0.99985105		1.0	-1.0151
2024	48	0.99985105		1.0	-1.0151
2024	49	0.99985105		1.0	-1.0151
2024	50	0.99985105		1.0	-1.0151
2024	51	0.99985105		1.0	-1.0151
2024	52	0.99985105		1.0	-1.0151
2024	53	0.99985105		1.0	-1.0151
2024	54	0.99985105		1.0	-1.0151
2024	55	0.99985105		1.0	-1.0151
2024	56	0.99985105		1.0	-1.0151
2024	57	0.99985105		1.0	-1.0151
2024	58	0.99985105		1.0	-1.0151
2024	59	0.99985105		1.0	-1.0151
2024	60	0.99985105		1.0	-1.0151
2024	61	0.99985105		1.0	-1.0151
2024	62	0.99985105		1.0	-1.0151
2024	63	0.99985105		1.0	-1.0151
2024	64	0.99985105		1.0	-1.0151
2024	65	0.99985105		1.0	-1.0151
2024	66	0.99985105		1.0	-1.0151
2024	67	0.99985105		1.0	-1.0151
2024	68	0.99985105		1.0	-1.0151
2024	69	0.99985105		1.0	-1.0151
2024	70	0.99985105		1.0	-1.0151
2024	71	0.99985105		1.0	-1.0151
2024	72	0.99985105		1.0	-1.0151
2024	73	0.99985105		1.0	-1.0151
2024	74	0.99985105		1.0	-1.0151
2024	75	0.99985105		1.0	-1.0151
2024	76	0.99985105		1.0	-1.0151
2024	77	0.99985105		1.0	-1.0151
2024	78	0.99985105		1.0	-1.0151
2024	79	0.99985105		1.0	-1.0151
2024	80	0.99985105		1.0	-1.0151
2024	81	0.99985105		1.0	-1.0151
2024	82	0.99985105		1.0	-1.0151
2024	83	0.99985105		1.0	-1.0151
2024	84	0.99985105		1.0	-1.0151
2024	85	0.99985105		1.0	-1.0151
2024	86	0.99985105		1.0	-1.0151
2024	87	0.99985105		1.0	-1.0151
2024	88	0.99985105		1.0	-1.0151
2024	89	0.99985105		1.0	-1.0151
2024	90	0.99985105		1.0	-1.0151
2024	91	0.99985105		1.0	-1.0151
2024	92	0.99985105		1.0	-1.0151
2024	93	0.99985105		1.0	-1.0151
2024	94	0.99985105		1.0	-1.0151
2024	95	0.99985105		1.0	-1.0151
2024	96	0.99985105		1.0	-1.0151
2024	97	0.99985105		1.0	-1.0151
2024	98	0.99985105		1.0	-1.0151
2024	99	0.99985105		1.0	-1.0151
2024	100	0.99985105		1.0	-1.0151
2024	101	0.99985105		1.0	-1.0151
2024	102	0.99985105		1.0	-1.0151
2024	103	0.99985105		1.0	-1.0151
2024	104	0.99985105		1.0	-1.0151
2024	105	0.99985105		1.0	-1.0151
2024	106	0.99985105		1.0	-1.0151
2024	107	0.99985105		1.0	-1.0151
2024	108	0.99985105		1.0	-1.0151
2024	109	0.99985105		1.0	-1.0151
2024	110	0.99985105		1.0	-1.0151
2024	111	0.99985105		1.0	-1.0151
2024	112	0.99985105		1.0	-1.0151
2024	113	0.99985105		1.0	-1.0151
2024	114	0.99985105		1.0	-1.0151
2024	115	0.99985105		1.0	-1.0151
2024	116	0.99985105		1.0	-1.0151
2024	117	0.99985105		1.0	-1.0151
2024	118	0.99985105		1.0	-1.0151
2024	119	0.99985105		1.0	-1.0151
2024	120	0.99985105		1.0	-1.0151
2024	121	0.99985105		1.0	-1.0151
2024	122	0.99985105		1.0	-1.0151
2024	123	0.99985105		1.0	-1.0151
2024	124	0.99985105		1.0	-1.0151
2024	125	0.99985105		1.0	-1.0151
2024	126	0.99985105		1.0	-1.0151
2024	127	0.99985105		1.0	-1.0151
2024	128	0.99985105		1.0	-1.0151
2024	129	0.99985105		1.0	-1.0151
2024	130	0.99985105		1.0	-1.0151
2024	131	0.99985105		1.0	-1.0151
2024	132	0.99985105		1.0	-1.0151
2024	133	0.99985105		1.0	-1.0151
2024	134	0.99985105		1.0	-1.0151
2024	135	0.99985105		1.0	-1.0151
2024	136	0.99985105		1.0	-1.0151
2024	137	0.99985105		1.0	-1.0151
2024	138	0.99985105		1.0	-1.0151
2024	139	0.99985105		1.0	-1.0151
2024	140	0.99985105		1.0	-1.0151
2024	141	0.99985105		1.0	-1.0151
2024	142	0.99985105		1.0	-1.0151
2024	143	0.99985105		1.0	-1.0151
2024	144	0.99985105		1.0	-1.0151
2024	145	0.99985105		1.0	-1.0151
2024	146	0.99985105		1.0	-1.0151
2024	147	0.99985105		1.0	-1.0151
2024	148	0.99985105		1.0	-1.0151
2024	149	0.99985105		1.0	-1.0151
2024	150	0.99985105		1.0	-1.0151
2024	151	0.99985105		1.0	-1.0151
2024	152	0.99985105		1.0	-1.0151
2024	153	0.99985105		1.0	-1.0151
2024	154	0.99985105		1.0	-1.0151
2024	155	0.99985105		1.0	-1.0151
2024	156	0.99985105		1.0	-1.0151
2024	157	0.99985105		1.0	-1.0151
2024	158	0.99985105		1.0	-1.0151
2024	159	0.99985105		1.0	-1.0151
2024	160	0.99985105		1.0	-1.0151
2024	161	0.99985105		1.0	-1.0151
2024	162	0.99985105		1.0	-1.0151
2024	163	0.99985105		1.0	-1.0151
2024	164	0.99985105		1.0	-1.0151
2024	165	0.99985105		1.0	-1.0151
2024	166	0.99985105		1.0	-1.0151
2024	167	0.99985105		1.0	-1.0151
2024	168	0.99985105		1.0	-1.0151
2024	169	0.99985105		1.0	-1.0151
2024	170	0.99985105		1.0	-1.0151
2024	171	0.99985105		1.0	-1.0151
2024	172	0.99985105		1.0	-1.0151
2024	173	0.99985105		1.0	-1.0151
2024	174	0.99985105		1.0	-1.0151
2024	175	0.99985105		1.0	-1.0151
2024	176	0.99985105		1.0	-1.0151
2024	177	0.99985105		1.0	-1.0151
2024	178	0.99985105		1.0	-1.0151
2024	179	0.99985105		1.0	-1.0151
2024	180	0.99985105		1.0	-1.0151
2024	181	0.99985105		1.0	-1.0151
2024	182	0.99985105		1.0	-1.0151
2024	183	0.99985105		1.0	-1.0151
2024	184	0.99985105		1.0	-1.0151
2024	185	0.99985105		1.0	-1.0151
2024	186	0.99985105		1.0	-1.0151
2024	187	0.99985105		1.0	-1.0151
2024	188	0.99985105		1.0	-1.0151
2024	189	0.99985105		1.0	-1.0151
2024	190	0.99985105		1.0	-1.0151
2024	191	0.99985105		1.0	-1.0151
2024	192	0.99985105		1.0	-1.0151
2024	193	0.99985105		1.0	-1.0151
2024	194	0.99985105		1.0	-1.0151
2024	195	0.99985105		1.0	-1.0151
2024	196	0.99985105		1.0	-1.0151
2024	197	0.99985105		1.0	-1.0151
2024	198	0.99985105		1.0	-1.0151
2024	199	0.99985105		1.0	-1.0151
2024	200	0.99985105		1.0	-1.0151
2024	201	0.99985105		1.0	-1.0151
2024	202	0.99985105		1.0	-1.0151
2024	203	0.99985105		1.0	-1.0151
2024	204	0.99985105		1.0	-1.0151
2024	205	0.99985105		1.0	-1.0151
2024	206	0.99985105		1.0	-1.0151
2024	207	0.99985105		1.0	-1.0151
2024	208	0.99985105		1.0	-1.0151
2024	209	0.99985105		1.0	-1.0151
2024	210	0.99985105		1.0	-1.0151
2024	211	0.99985105		1.0	-1.0151
2024	212	0.99985105		1.0	-1.0151
2024	213	0.99985105		1.0	-1.0151
2024	214	0.99985105		1.0	-1.0151
2024	215	0.99985105		1.0	-1.0151
2024	216	0.99985105		1.0	-1.0151
2024	217	0.99985105		1.0	-1.0151
2024	218	0.99985105		1.0	-1.0151
2024	219	0.99985105		1.0	-1.0151
2024	220	0.99985105		1.0	-1.0151
2024	221	0.99985105		1.0	-1.0151
2024	222	0.99985105		1.0	-1.0151
2024	223	0.99985105		1.0	-1.0151
2024	224	0.99985105		1.0	-1.0151
2024	225	0.99985105		1.0	-1.0151
2024	226	0.99985105		1.0	-1.0151
2024	227	0.99985105		1.0	-1.0151
2024	228	0.99985105		1.0	-1.0151
2024	229	0.99985105		1.0	-1.0151
2024	230	0.99985105		1.0	-1.0151
2024	231	0.99985105		1.0	-1.0151
2024	232	0.99985105		1.0	-1.0151
2024	233	0.99985105		1.0	-1.0151
2024	234	0.99985105		1.0	-1.0151
2024	235	0.99985105		1.0	-1.0151
2024	236	0.99985105		1.0	-1.0151
2024	237	0.99985105		1.0	-1.0151
2024	238	0.99985105		1.0	-1.0151
2024	239	0.99985105		1.0	-1.0151
2024	240	0.99985105		1.0	-1.0151
2024	241	0.99985105		1.0	-1.0151
2024	242	0.99985105		1.0	-1.0151
2024	243	0.99985105		1.0	-1.0151
2024	244	0.99985105		1.0	-1.0151
2024	245	0.99985105		1.0	-1.0151
2024	246	0.99985105		1.0	-1.0151
2024	247	0.99985105		1.0	-1.0151
2024	248	0.99985105		1.0	-1.0151
2024	249	0.99985105		1.0	-1.0151
2024	250	0.99985105		1.0	-1.0151
2024	251	0.99985105		1.0	-1.0151
2024	252	0.99985105		1.0	-1.0151
2024	253	0.99985105		1.0	-1.0151
2024	254	0.99985105		1.0	-1.0151
2024	255	0.99985105		1.0	-1.0151
2024	256	0.99985105		1.0	-1.0151
2024	257	0.99985105		1.0	-1.0151
2024	258	0.99985105		1.0	-1.0151
2024	259	0.99985105		1.0	-1.0151
2024	260	0.99985105		1.0	-1.0151
2024	261	0.99985105		1.0	-1.0151
2024	262	0.99985105		1.0	-1.0151
2024	263	0.99985105		1.0	-1.0151
2024	264	0.99985105		1.0	-1.0151
2024	265	0.99985105		1.0	-1.0151
2024	266	0.99985105		1.0	-1.0151
2024	267	0.99985105		1.0	-1.0151
2024	268	0.99985105		1.0	-1.0151
2024	269	0.99985105		1.0	-1.0151
2024	270	0.99985105		1.0	-1.0151
2024	271	0.99985105		1.0	-1.0151
2024	272	0.99985105		1.0	-1.0151
2024	273	0.99985105		1.0	-1.0151
2024	274	0.99985105		1.0	-1.0151
2024	275	0.99985105		1.0	-1.0151
2024	276	0.99985105		1.0	-1.0151
2024	277	0.99985105		1.0	-1.0151
2024	278	0.99985105		1.0	-1.0151
2024	279	0.99985105		1.0	-1.0151
2024	280	0.99985105		1.0	-1.0151
2024	281	0.99985105		1.0	-1.0151
2024	282	0.99985105		1.0	-1.0151
2024	283	0.99985105		1.0	-1.0151
2024	284	0.99985105		1.0	-1.0151
2024	285	0.99985105		1.0	-1.0151
2024	286	0.99985105		1.0	-1.0151
2024	287	0.99985105		1.0	-1.0151
2024	288	0.99985105		1.0	-1.0151
2024	289	0.99985105		1.0	-1.0151
2024	290	0.99985105		1.0	-1.0151
2024	291	0.99985105		1.0	-1.0151
2024	292	0.99985105		1.0	-1.0151
2024	293	0.99985105		1.0	-1.0151
2024	294	0.99985105		1.0	-1.0151
2024	295	0.99985105		1.0	-1.0151
2024	296	0.99985105		1.0	-1.0151
2024	297	0.99985105		1.0	-1.0151
2024	298	0.99985105		1.0	-1.0151
2024	299	0.99985105		1.0	-1.0151
2024	300	0.99985105		1.0	-1.0151
2024	301	0.99985105		1.0	-1.0151
2024	302	0.99985105		1.0	-1.0151
2024	303	0.99985105		1.0	-1.0151
2024	304	0.99985105		1.0	-1.0151
2024	305	0.99985105		1.0	-1.0151
2024	306	0.99985105		1.0	-1.0151
2024	307	0.99985105		1.0	-1.0151
2024	308	0.99985105		1.0	-1.0151
2024	309	0.99985105		1.0	-1.0151
2024	310	0.99985105		1.0	-1.0151
2024	311	0.99985105		1.0	-1.0151
2024	312	0.99985105		1.0	-1.0151
2024	313	0.99985105		1.0	-1.0151
2024	314	0.99985105		1.0	-1.0151
2024	315	0.99985105		1.0	-1.0151
2024	316	0.99985105		1.0	-1.0151
2024	317	0.99985105		1.0	-1.0151
2024	318	0.99985105		1.0	-1.0151
2024	319	0.99985105		1.0	-1.0151
2024	320	0.99985105		1.0	-1.0151
2024	321	0.99985105		1.0	-1.0151
2024	322	0.99985105		1.0	-1.0151
2024	323	0.99985105		1.0	-1.0151
2024	324	0.99985105		1.0	-1.0151
2024	325	0.99985105		1.0	-1.0151
2024	326	0.99985105		1.0	-1.0151
2024	327	0.99985105		1.0	-1.0151
2024	328	0.99985105		1.0	-1.0151
2024	329	0.99985105		1.0	-1.0151
2024	330	0.99985105		1.0	-1.0151
2024	331	0.99985105		1.0	-1.0151
2024	332	0.99985105		1.0	-1.0151
2024	333	0.99985105		1.0	-1.0151
2024	334	0.99985105		1.0	-1.0151
2024	335	0.99985105		1.0	-1.0151
2024	336	0.99985105		1.0	-1.0151
2024	337	0.99985105		1.0	-1.0151
2024	338	0.99985105		1.0	-1.0151
2024	339	0.99985105		1.0	-1.0151
2024	340	0.99985105		1.0	-1.0151
2024	341	0.99985105		1.0	-1.0151
2024	342	0.99985105		1.0	-1.0151
2024	343	0.99985105		1.0	-1.0151
2024	344	0.99985105		1.0	-1.0151
2024	345	0.99985105		1.0	-1.0151
2024	346	0.99985105		1.0	-1.0151
2024	347	0.99985105		1.0	-1.0151
2024	348	0.99985105		1.0	-1.0151
2024	349	0.99985105		1.0	-1.0151
2024	350	0.99985105		1.0	-1.0151
2024	351	0.99985105		1.0	-1.0151
2024	352	0.99985105		1.0	-1.0151
2024	353	0.99985105		1.0	-1.0151
2024	354	0.99985105		1.0	-1.0151
2024	355	0.99985105		1.0	-1.0151
2024	356	0.99985105		1.0	-1.0151
2024	357	0.99985105		1.0	-1.0151
2024	358	0.99985105		1.0	-1.0151
2024	359	0.99985105		1.0	-1.0151
2024	360	0.99985105		1.0	-1.0151
2024	361	0.99985105		1.0	-1.0151
2024	362	0.99985105		1.0	-1.0151
2024	363	0.99985105		1.0	-1.0151
2024	364	0.99985105		1.0	-1.0151
2024	365	0.99985105		1.0	-1.0151
2024	366	0.99985105		1.0	-1.0151